
Building

Distinct Words - 25
n, time
10000, 1262543.0
20000, 1279955.0
30000, 2452596.0
40000, 4455065.01
50000, 7178330.0
60000, 1.0060058E7
70000, 1.308939E7
80000, 1.656173601E7
90000, 1.953203001E7
100000, 2.3443495E7
110000, 2.7817595E7
120000, 3.8697521E7
130000, 4.0991688E7
140000, 4.4692819E7
150000, 5.0639507E7
160000, 6.057952601E7
170000, 6.7202804E7
180000, 7.2608377E7
190000, 8.1139787E7
200000, 9.0015248E7

Distinct words - n/4
n, time
10000, 1398255.98
20000, 3030848.0
30000, 6740524.01
40000, 1.2914956E7
50000, 2.5590559E7
60000, 4.4197633E7
70000, 7.009055899E7
80000, 1.5406322E8
90000, 2.0179242701E8
100000, 2.116963E8
110000, 2.5944664401E8
120000, 3.6727313498E8
130000, 3.7203003099E8
140000, 4.25725434E8
150000, 5.6519415598E8
160000, 6.29307076E8
170000, 6.85428667E8
180000, 7.7890481598E8
190000, 9.07366008E8
200000, 9.82743899E8

Distinct words - n

n, time
10000, 2030411.99
20000, 3897855.0
30000, 8008000.0
40000, 1.9269074E7
50000, 3.309641999E7
60000, 5.038299799E7
70000, 5.852721498E7
80000, 8.725556701E7
90000, 1.1114660598E8
100000, 1.4282901202E8
110000, 1.99642681E8
120000, 2.4687051801E8
130000, 2.9248990899E8
140000, 3.4987919301E8
150000, 4.2374227501E8
160000, 4.81090036E8
170000, 5.72104427E8
180000, 6.4489484101E8
190000, 7.56339669E8
200000, 8.33026418E8

Generate Most Probable

Distinct word - 25
n, time
10000, 276678.01
20000, 59754.0
30000, 57792.0
40000, 54913.0
50000, 52139.0
60000, 49841.0
70000, 47683.01
80000, 47020.01
90000, 45854.0
100000, 47008.01
110000, 47302.98
120000, 51129.01
130000, 55657.98
140000, 53632.0
150000, 56685.0
160000, 64410.0
170000, 65239.0
180000, 57878.0
190000, 61424.0
200000, 54939.01

Distinct words - n/4

n, time
10000, 91499.0
20000, 69412.0
30000, 35981.99
40000, 31204.0
50000, 72224.01
60000, 73461.98
70000, 43903.0
80000, 137038.02
90000, 98189.98
100000, 115494.0
110000, 168469.0
120000, 148234.99
130000, 162394.02
140000, 344609.0
150000, 282180.99
160000, 278910.0
170000, 245506.99
180000, 418857.01
190000, 1718287.99
200000, 412503.0

Distinct words - n
n, time
10000, 93734.0
20000, 47407.01
30000, 19143.02
40000, 23322.99
50000, 27348.01
60000, 47317.0
70000, 22859.99
80000, 51585.99
90000, 52560.0
100000, 31132.0
110000, 82630.99
120000, 82758.01
130000, 94273.01
140000, 77231.98
150000, 99028.0
160000, 120461.0
170000, 97370.01
180000, 87928.0
190000, 134878.99
200000, 131530.02

Generate Random

Distinct words - 25
n, time
10000, 1282775.0
20000, 468134.0
30000, 509648.01
40000, 540486.01
50000, 656890.98
60000, 538223.98
70000, 588312.0
80000, 506111.01
90000, 518450.0
100000, 586334.01
110000, 490404.0
120000, 575344.0
130000, 539688.0
140000, 481272.99
150000, 620311.0
160000, 458215.0
170000, 460127.01
180000, 741537.98
190000, 442050.01
200000, 549169.0

Distinct words - n/4

n, time
10000, 469691.01
20000, 266404.01
30000, 438035.99
40000, 583414.0
50000, 807142.01
60000, 949242.0
70000, 1095231.01
80000, 1346604.0
90000, 1561826.01
100000, 1974513.99
110000, 1935333.0
120000, 1753195.0
130000, 1930638.0
140000, 2242874.0
150000, 2755913.0
160000, 2356451.0
170000, 2450570.0
180000, 2728915.0
190000, 3342745.0
200000, 2865339.0

Distinct words - n

n, time
10000, 526518.0
20000, 154501.01
30000, 378285.0
40000, 209935.99
50000, 267277.01
60000, 342786.0
70000, 374688.98
80000, 497983.0
90000, 528310.99
100000, 560289.01
110000, 605778.01
120000, 619909.99
130000, 668803.01
140000, 758549.0
150000, 655722.01
160000, 786383.0
170000, 734951.0
180000, 961055.01
190000, 995017.01
200000, 921455.99


K largest
k-size -25
n, time
10000, 1338432.0
20000, 1144528.01
30000, 3014484.0
40000, 8750760.0
50000, 1.5338732E7
60000, 1.766279001E7
70000, 2.0290997E7
80000, 3.158129601E7
90000, 1.948110802E7
100000, 3.779243598E7
110000, 5.1877006E7
120000, 5.258947501E7
130000, 4.933091101E7
140000, 4.758799798E7
150000, 4.1686518E7
160000, 5.465199899E7
170000, 5.5447195E7
180000, 6.6481952E7
190000, 6.102978198E7
200000, 6.4773041E7

k-size - n/4
n, time
10000, 2501593.02
20000, 5054026.0
30000, 9396389.98
40000, 2.1901505E7
50000, 3.578473801E7
60000, 3.332966902E7
70000, 6.288562998E7
80000, 5.9752466E7
90000, 6.771587602E7
100000, 9.646080499E7
110000, 1.1615008499E8
120000, 1.17157601E8
130000, 1.1769432E8
140000, 1.2929211E8
150000, 1.2544409499E8
160000, 1.8200144502E8
170000, 1.5387986601E8
180000, 1.6997569001E8
190000, 1.8254864E8
200000, 2.05577695E8

k-size - n

n, time
10000, 6276334.01
20000, 1.1731707E7
30000, 2.7148227E7
40000, 4.8931046E7
50000, 6.7883587E7
60000, 1.0747460398E8
70000, 9.780348698E7
80000, 1.62721072E8
90000, 1.8798038798E8
100000, 2.09998345E8
110000, 2.1346660998E8
120000, 2.8926913698E8
130000, 3.08009618E8
140000, 3.31465146E8
150000, 3.82260134E8
160000, 4.16529782E8
170000, 4.30587422E8
180000, 4.6129857398E8
190000, 5.26993121E8
200000, 5.48355497E8

